[
    [
        142,
        57
    ],
    [
        145,
        101
    ],
    [
        148,
        43
    ],
    [
        152,
        67
    ],
    [
        157,
        129
    ],
    [
        158,
        99
    ],
    [
        166,
        58
    ],
    [
        169,
        63
    ],
    [
        171,
        122
    ],
    [
        171,
        85
    ],
    [
        202,
        105
    ],
    [
        205,
        105
    ],
    [
        213,
        106
    ],
    [
        217,
        115
    ],
    [
        218,
        188
    ],
    [
        222,
        210
    ],
    [
        223,
        123
    ],
    [
        225,
        211
    ],
    [
        7,
        -3
    ],
    [
        355,
        -555
    ],
    [
        363,
        -541
    ],
    [
        -77,
        33
    ],
    [
        -76,
        35
    ],
    [
        -76,
        39
    ],
    [
        -83,
        72
    ],
    [
        -88,
        68
    ],
    [
        -96,
        79
    ],
    [
        -1,
        -13
    ],
    [
        -11,
        -26
    ],
    [
        -30,
        -33
    ],
    [
        -25,
        -46
    ],
    [
        -32,
        -53
    ],
    [
        -30,
        -60
    ],
    [
        -30,
        -68
    ],
    [
        -33,
        -68
    ],
    [
        -26,
        -71
    ],
    [
        -33,
        -83
    ],
    [
        -43,
        -89
    ],
    [
        -54,
        -6
    ],
    [
        -53,
        -26
    ],
    [
        -55,
        -23
    ],
    [
        -56,
        -16
    ],
    [
        -63,
        -18
    ],
    [
        -99,
        -291
    ],
    [
        -104,
        -132
    ],
    [
        -121,
        -267
    ],
    [
        -148,
        -290
    ],
    [
        -168,
        -316
    ],
    [
        -180,
        -287
    ],
    [
        -217,
        -306
    ],
    [
        -225,
        -300
    ],
    [
        -226,
        -125
    ],
    [
        -235,
        -135
    ],
    [
        -235,
        -133
    ],
    [
        -248,
        -311
    ],
    [
        -391,
        -152
    ],
    [
        -394,
        -153
    ],
    [
        -366,
        -162
    ],
    [
        -406,
        -212
    ],
    [
        -413,
        -734
    ],
    [
        -433,
        -718
    ],
    [
        -435,
        -739
    ],
    [
        -485,
        -618
    ],
    [
        -442,
        -247
    ],
    [
        -307,
        -242
    ],
    [
        -302,
        -244
    ]
]